 220   0  20   0  -1   3   0   0   0
-140   0  10   0   1   5   1   0   0
-140   0  20   0   1   3   0   1   0
 260   0  20   0  -1   5   1   0   0
 300   0  20   0  -1   5   0   0   0
 -60   0  10   0   1   3   0   1   0
-200   0  15   0   1   5   1   0   0
 -40   0  15   0   1   5   1   0   0
 100   0  10   0  -1   5   1   1   0
 220   0  15   0  -1   3   1   0   0
-260   0  20   0   1   3   1   0   0
 160   0  15   0  -1   5   0   0   0
-300   0  15   0   1   3   0   0   0
 180   0  15   0  -1   4   0   0   0
 180   0  10   0  -1   3   1   0   0
   0-160  15   1   1   5   1   0   0
   0 180  15   1  -1   3   0   1   0
   0-160  15   1   1   3   0   0   0
   0 180  10   1  -1   4   1   1   0
   0 -60  20   1   1   4   1   1   0
   0 160  20   1  -1   5   0   1   0
   0 -60  10   1   1   3   0   0   0
   0 100  15   1  -1   5   1   1   0
   0-100  20   1   1   5   0   1   0
   0   0  10   1  -1   5   1   1   0
   0   0  10   1  -1   4   0   0   0
   0 100  20   1  -1   3   1   0   0
   0 -80  20   1   1   4   1   0   0
   0-160  20   1   1   4   0   1   0
   0 120  15   1  -1   5   0   0   0
